# Camera list with one line of data per camera:
#   CAMERA_ID, MODEL, WIDTH, HEIGHT, PARAMS[]
# Number of cameras: 41
41 PINHOLE 2736 3648 2827.750688232657 2827.750688232657 1368 1824
40 PINHOLE 1280 720 631.64655755585079 631.64655755585079 640 360
39 PINHOLE 1280 720 617.61368285261676 617.61368285261676 640 360
38 PINHOLE 1280 720 618.87402924228275 618.87402924228275 640 360
37 PINHOLE 1280 720 632.40278316804074 632.40278316804074 640 360
36 PINHOLE 1280 720 616.06076775180736 616.06076775180736 640 360
35 PINHOLE 1280 720 626.97569702232545 626.97569702232545 640 360
34 PINHOLE 1280 720 618.44296439705101 618.44296439705101 640 360
33 PINHOLE 1280 720 618.28002269096078 618.28002269096078 640 360
32 PINHOLE 1280 720 616.89176813741688 616.89176813741688 640 360
31 PINHOLE 1280 720 624.02712488954501 624.02712488954501 640 360
30 PINHOLE 1280 720 619.36570462318753 619.36570462318753 640 360
13 PINHOLE 1280 720 630.67733063176399 630.67733063176399 640 360
12 PINHOLE 1280 720 626.76439108548038 626.76439108548038 640 360
11 PINHOLE 1280 720 624.12648493256108 624.12648493256108 640 360
10 PINHOLE 1280 720 622.61862646215684 622.61862646215684 640 360
9 PINHOLE 1280 720 622.53759405158144 622.53759405158144 640 360
8 PINHOLE 1280 720 625.51593069414571 625.51593069414571 640 360
7 PINHOLE 1280 720 621.90327548708126 621.90327548708126 640 360
6 PINHOLE 1280 720 618.59917392863008 618.59917392863008 640 360
5 PINHOLE 1280 720 621.94592480947529 621.94592480947529 640 360
4 PINHOLE 1280 720 622.34478752971256 622.34478752971256 640 360
3 PINHOLE 1280 720 620.9745630135526 620.9745630135526 640 360
2 PINHOLE 1280 720 623.4199872155574 623.4199872155574 640 360
1 PINHOLE 1280 720 621.19782610419884 621.19782610419884 640 360
14 PINHOLE 1280 720 631.33602694168599 631.33602694168599 640 360
15 PINHOLE 1280 720 630.23802129503588 630.23802129503588 640 360
16 PINHOLE 1280 720 632.87974421652495 632.87974421652495 640 360
17 PINHOLE 1280 720 626.27038129343498 626.27038129343498 640 360
18 PINHOLE 1280 720 624.91153915691132 624.91153915691132 640 360
19 PINHOLE 1280 720 619.69857414369733 619.69857414369733 640 360
20 PINHOLE 1280 720 619.16356067118431 619.16356067118431 640 360
21 PINHOLE 1280 720 619.53284412749576 619.53284412749576 640 360
22 PINHOLE 1280 720 620.93703678014549 620.93703678014549 640 360
23 PINHOLE 1280 720 611.65761184206576 611.65761184206576 640 360
24 PINHOLE 1280 720 619.29450861946043 619.29450861946043 640 360
25 PINHOLE 1280 720 622.15414099105385 622.15414099105385 640 360
26 PINHOLE 1280 720 632.66610308789768 632.66610308789768 640 360
27 PINHOLE 1280 720 620.48819554210104 620.48819554210104 640 360
28 PINHOLE 1280 720 618.02099981105323 618.02099981105323 640 360
29 PINHOLE 1280 720 620.47303598370354 620.47303598370354 640 360
